             o  ,    o  ,                                  PORTLAND, OREGON                            Astronomical Applications Dept.
Location: W122 39, N45 31                             Civil Twilight for 1998-99                       U. S. Naval Observatory
                                                                                                       Washington, DC  20392-5420
                                                         Pacific Standard Time


       Sept.      Oct.       Nov.       Dec.       Jan.       Feb.       Mar.       Apr.       May        June       July       Aug.       Sept.      Oct.       Nov.       Dec.
Day  Begin End  Begin End  Begin End  Begin End  Begin End  Begin End  Begin End  Begin End  Begin End  Begin End  Begin End  Begin End  Begin End  Begin End  Begin End  Begin End
     h m  h m   h m  h m   h m  h m   h m  h m   h m  h m   h m  h m   h m  h m   h m  h m   h m  h m   h m  h m   h m  h m   h m  h m   h m  h m   h m  h m   h m  h m   h m  h m
01  0501 1919  0539 1820  0619 1729  0657 1702  0717 1712  0700 1749  0620 1827  0521 1908  0426 1950  0349 2029  0348 2041  0420 2013  0501 1919  0539 1821  0619 1729  0657 1702
02  0503 1917  0541 1818  0621 1727  0658 1702  0717 1713  0659 1750  0618 1828  0519 1910  0425 1951  0348 2030  0348 2041  0421 2012  0502 1917  0540 1819  0620 1728  0658 1702
03  0504 1915  0542 1817  0622 1726  0659 1702  0717 1713  0658 1751  0616 1830  0518 1911  0423 1953  0347 2031  0349 2040  0422 2010  0504 1915  0541 1817  0622 1726  0659 1702
04  0505 1913  0543 1815  0623 1725  0700 1701  0717 1714  0657 1753  0614 1831  0516 1913  0422 1954  0347 2032  0350 2040  0424 2009  0505 1913  0543 1815  0623 1725  0700 1702
05  0506 1911  0544 1813  0624 1723  0701 1701  0717 1715  0656 1754  0613 1832  0514 1914  0420 1956  0346 2032  0351 2039  0425 2007  0506 1912  0544 1813  0624 1724  0701 1701
06  0508 1909  0546 1811  0626 1722  0702 1701  0717 1716  0655 1755  0611 1834  0512 1915  0418 1957  0346 2033  0351 2039  0426 2006  0507 1910  0545 1811  0625 1722  0702 1701
07  0509 1907  0547 1809  0627 1721  0703 1701  0717 1717  0653 1757  0609 1835  0510 1917  0417 1958  0345 2034  0352 2038  0428 2004  0509 1908  0547 1810  0627 1721  0703 1701
08  0510 1905  0548 1807  0628 1720  0704 1701  0716 1718  0652 1758  0607 1836  0508 1918  0415 2000  0345 2035  0353 2038  0429 2002  0510 1906  0548 1808  0628 1720  0704 1701
09  0512 1903  0549 1806  0630 1719  0705 1701  0716 1720  0651 1800  0605 1838  0506 1919  0414 2001  0344 2036  0354 2037  0430 2001  0511 1904  0549 1806  0629 1719  0705 1701
10  0513 1901  0551 1804  0631 1717  0706 1701  0716 1721  0649 1801  0604 1839  0504 1921  0412 2002  0344 2036  0355 2037  0432 1959  0512 1902  0550 1804  0631 1718  0706 1701
11  0514 1859  0552 1802  0632 1716  0707 1701  0716 1722  0648 1802  0602 1840  0502 1922  0411 2004  0344 2037  0356 2036  0433 1958  0514 1900  0552 1802  0632 1717  0706 1701
12  0515 1857  0553 1800  0634 1715  0707 1701  0715 1723  0647 1804  0600 1842  0500 1923  0410 2005  0344 2038  0357 2035  0434 1956  0515 1858  0553 1801  0633 1716  0707 1701
13  0517 1855  0554 1758  0635 1714  0708 1701  0715 1724  0645 1805  0558 1843  0458 1925  0408 2006  0343 2038  0358 2035  0436 1954  0516 1856  0554 1759  0635 1715  0708 1701
14  0518 1853  0556 1757  0636 1713  0709 1702  0714 1725  0644 1806  0556 1844  0457 1926  0407 2008  0343 2039  0359 2034  0437 1952  0518 1854  0555 1757  0636 1714  0709 1702
15  0519 1851  0557 1755  0638 1712  0710 1702  0714 1726  0642 1808  0554 1846  0455 1928  0406 2009  0343 2039  0400 2033  0438 1951  0519 1852  0557 1755  0637 1713  0710 1702
16  0520 1849  0558 1753  0639 1711  0710 1702  0713 1728  0641 1809  0552 1847  0453 1929  0404 2010  0343 2040  0401 2032  0440 1949  0520 1850  0558 1754  0639 1712  0710 1702
17  0522 1848  0600 1752  0640 1711  0711 1702  0713 1729  0639 1811  0550 1848  0451 1930  0403 2012  0343 2040  0402 2031  0441 1947  0521 1848  0559 1752  0640 1711  0711 1702
18  0523 1846  0601 1750  0641 1710  0712 1703  0712 1730  0638 1812  0549 1850  0449 1932  0402 2013  0343 2040  0403 2030  0443 1945  0523 1846  0601 1750  0641 1710  0712 1703
19  0524 1844  0602 1748  0643 1709  0712 1703  0712 1731  0636 1813  0547 1851  0447 1933  0401 2014  0343 2041  0404 2029  0444 1944  0524 1844  0602 1749  0642 1709  0712 1703
20  0525 1842  0603 1747  0644 1708  0713 1704  0711 1733  0635 1815  0545 1852  0445 1935  0400 2015  0343 2041  0405 2028  0445 1942  0525 1842  0603 1747  0644 1708  0713 1704
21  0527 1840  0605 1745  0645 1707  0713 1704  0710 1734  0633 1816  0543 1854  0444 1936  0358 2017  0344 2041  0406 2027  0446 1940  0526 1840  0604 1745  0645 1708  0713 1704
22  0528 1838  0606 1743  0646 1707  0714 1705  0710 1735  0631 1817  0541 1855  0442 1937  0357 2018  0344 2041  0407 2026  0448 1938  0528 1838  0606 1744  0646 1707  0714 1704
23  0529 1836  0607 1742  0648 1706  0714 1705  0709 1736  0630 1819  0539 1856  0440 1939  0356 2019  0344 2041  0409 2025  0449 1936  0529 1836  0607 1742  0647 1706  0714 1705
24  0530 1834  0609 1740  0649 1705  0715 1706  0708 1738  0628 1820  0537 1858  0438 1940  0355 2020  0344 2041  0410 2024  0450 1935  0530 1834  0608 1741  0649 1706  0715 1706
25  0532 1832  0610 1739  0650 1705  0715 1706  0707 1739  0627 1822  0535 1859  0437 1942  0354 2021  0345 2042  0411 2022  0452 1933  0531 1832  0610 1739  0650 1705  0715 1706
26  0533 1830  0611 1737  0651 1704  0716 1707  0706 1740  0625 1823  0533 1900  0435 1943  0353 2023  0345 2042  0412 2021  0453 1931  0533 1830  0611 1738  0651 1704  0715 1707
27  0534 1828  0613 1736  0652 1704  0716 1708  0705 1742  0623 1824  0531 1902  0433 1944  0352 2024  0346 2041  0413 2020  0454 1929  0534 1828  0612 1736  0652 1704  0716 1708
28  0535 1826  0614 1734  0654 1703  0716 1708  0704 1743  0621 1826  0529 1903  0431 1946  0352 2025  0346 2041  0415 2019  0456 1927  0535 1827  0614 1735  0653 1703  0716 1708
29  0537 1824  0615 1733  0655 1703  0716 1709  0703 1744             0527 1904  0430 1947  0351 2026  0347 2041  0416 2017  0457 1925  0536 1825  0615 1733  0654 1703  0716 1709
30  0538 1822  0617 1731  0656 1703  0717 1710  0702 1746             0525 1906  0428 1949  0350 2027  0347 2041  0417 2016  0458 1923  0538 1823  0616 1732  0656 1703  0716 1710
31             0618 1730             0717 1711  0701 1747             0523 1907             0349 2028             0419 2014  0500 1921             0618 1730             0717 1711

                                             Add one hour for daylight time, if and when in use.
